57.0463 68.2103 44.6558
56.8734 67.8841 44.5205
56.9957 68.0586 44.8442
56.6019 68.2562 44.5740
56.3569 68.8174 44.7925
56.3878 69.0243 44.9298
56.5925 69.1730 45.0872
56.7597 69.2582 45.2999
56.5892 69.3953 45.4242
56.6261 69.2650 45.2839
56.4115 69.0702 44.9261
56.3888 69.4484 45.2577
55.9288 69.4580 45.1681
55.8288 69.6073 45.1488
56.2908 69.8513 45.5055
56.2914 69.5424 45.3371
56.1840 69.9322 45.4697
56.2613 69.7921 45.1272
56.0408 70.0958 44.8382
56.6278 70.4959 44.8945
57.2196 70.9294 45.0662
56.9533 70.5310 44.8507
57.6736 70.7713 45.0835
58.1718 71.3943 45.2344
58.0171 71.2450 45.3520
57.7701 71.1670 45.4535
57.5899 71.2329 45.3175
56.5918 70.6718 45.0810
56.3554 70.6471 44.9885
56.3438 69.9001 44.6299
56.5201 69.8928 44.7470
56.6537 69.8087 44.4845
56.7608 69.6341 44.3302
55.9208 68.9224 44.0936
55.6717 68.6599 43.7023
56.3742 68.9062 43.9775
56.4334 68.8826 43.6569
56.6616 69.4671 44.0091
57.1000 70.1702 44.2125
56.5041 69.7317 43.8980
56.8011 70.5299 44.3617
56.6122 69.7972 44.5481
56.9359 70.1564 44.7915
56.9372 70.5338 44.8665
57.0188 70.5151 44.8510
57.4942 70.8099 44.7937
57.5521 70.6049 44.2863
57.7033 71.2347 44.4373
57.4954 70.5699 44.2485
56.8391 70.3100 44.1185
57.1072 70.4303 44.1039
57.0039 70.5708 44.1096
57.1747 71.2625 44.1960
57.5598 71.3339 44.1138
57.7626 71.0942 44.3039
57.2649 70.5618 44.1169
57.2850 70.6038 44.0350
57.5375 70.9207 44.2924
57.7646 70.9580 44.3401
57.5796 70.5926 44.2902
57.8332 70.7069 44.4332
58.5714 71.8847 44.9418
62.3699 76.8522 48.1932
64.0626 79.2839 49.6293
62.0659 76.7569 48.1569
61.4311 75.7507 47.9101
62.2794 76.8403 48.4098
61.1454 75.8448 47.5834
61.5539 76.0868 47.7289
60.8583 75.4034 47.4512
61.3222 75.6532 47.2672
61.7655 75.7924 47.2815
61.6644 75.2121 46.9081
61.7494 75.3281 46.7752
62.6027 76.1812 47.3840
62.7260 75.7605 47.3142
61.9997 75.2056 47.0268
63.4860 76.1261 47.7796
63.2012 75.6392 47.5526
62.7148 74.8125 47.1364
63.0066 75.0409 47.0848
62.5229 74.1772 46.7546
61.7354 73.5145 46.5979
61.7684 73.9430 46.6351
61.9164 73.8601 46.5426
62.3033 73.7796 46.6589
61.8215 73.0236 46.5640
61.9408 73.1769 46.5113
62.5327 73.3321 47.0371
61.2610 72.2390 46.5522
61.5945 72.1826 46.3868
61.4090 72.0082 46.4313
61.6659 72.1183 46.7489
62.2710 72.8322 47.1018
62.6420 72.5269 47.1694
62.5937 72.5211 47.1205
62.0188 72.5806 47.0351
62.2056 72.7183 46.9466
61.9290 72.4384 47.2642
61.9822 72.5130 47.3482
62.0064 72.8637 47.4287
61.8125 73.0686 47.3175
62.6680 73.7916 47.4961
62.3431 73.3654 47.4057
63.1164 74.1365 47.7476
62.2511 73.5621 47.0743
62.6851 72.5329 46.8195
63.4838 73.4825 47.2573
64.0683 74.1847 47.1671
63.6175 73.6118 46.9942
63.7873 73.6871 46.9985
63.2396 73.7247 46.9111
62.9497 73.3112 46.7968
62.7908 73.4087 46.4903
63.1359 73.6038 46.5375
63.2910 73.0884 46.4176
62.7565 72.9921 46.3582
63.1394 73.4690 46.5527
63.2194 73.7012 46.7002
63.2267 73.7097 46.6929
63.2604 73.9641 46.7178
63.1216 73.9028 46.7542
62.8338 73.9365 46.9745
62.4442 73.3470 46.5709
62.0980 72.8472 46.0146
62.2062 72.6817 45.9393
62.2934 72.4659 46.0037
62.2556 72.7955 46.2684
62.4352 73.2427 46.3456
62.9006 73.1345 46.2131
63.2746 73.4808 46.5828
63.4888 73.9327 46.7849
63.1957 74.1286 46.8533
62.9235 73.5261 46.4313
63.0836 73.7510 46.7639
62.9471 73.8181 46.7634
62.9726 73.3442 46.4549
62.7805 73.2021 46.4513
62.3497 73.0738 46.2759
62.5590 73.1064 46.3312
63.1358 73.4206 46.5690
63.4549 73.4744 46.7092
63.4975 73.4095 46.9564
63.5425 73.5632 47.2184
63.5950 73.8211 47.1557
66.2856 76.8250 49.1640
66.9075 76.6760 48.8090
68.2234 77.6519 49.6393
66.7535 76.2325 48.4964
66.3772 75.2253 47.9841
66.8932 76.0576 48.6380
66.8757 76.1848 48.7123
67.1807 76.7204 49.1225
67.1783 77.3491 49.4298
67.6163 78.1983 49.6168
68.5259 79.2502 49.9691
67.7911 78.4072 49.3451
67.3963 78.2269 49.3004
67.3911 78.7600 49.5055
68.1451 79.5594 49.8209
68.0821 79.6765 49.5638
68.0447 79.4966 49.3256
67.7443 78.6376 48.8436
68.2737 79.0200 48.9249
68.4628 79.1362 49.0536
68.2505 79.3685 49.0789
69.0286 80.3562 49.4038
69.8685 80.6702 49.6905
69.9744 81.3942 49.8358
69.5728 80.6488 49.5567
68.6370 79.7699 49.2951
68.2826 79.9521 49.2181
68.1958 79.3595 48.8964
67.7519 79.1749 48.8288
67.0098 78.3613 48.5754
66.4725 77.7529 48.3122
66.2497 78.0753 48.3623
66.1594 77.6844 48.1376
65.8244 77.3832 47.6700
65.7585 77.3846 47.7341
65.8355 77.0407 47.6122
65.5906 76.2294 47.3499
65.5745 75.9877 47.3186
65.2221 75.2272 46.8425
65.4244 75.7353 46.8504
66.2115 76.0505 46.8380
66.6270 76.6610 47.0520
66.9685 76.9870 47.1860
66.4032 76.2110 46.9537
66.1832 76.0710 47.0099
66.7727 77.0824 47.3352
65.9751 76.5047 46.9677
65.7508 76.0540 46.8672
65.5305 75.9236 46.7101
65.4026 75.6512 46.7759
65.7238 75.5692 46.8479
65.8140 75.3241 46.7872
65.3065 75.3702 46.4003
65.3101 74.8584 46.2526
65.6299 75.0806 46.4791
65.7476 74.9851 46.4704
65.6345 74.6658 46.1345
65.8129 75.0399 46.7206
65.7742 74.7918 46.6668
65.5962 74.4189 46.4749
65.6517 74.5803 46.9607
65.5799 74.9906 47.4798
65.9912 75.3158 47.6786
66.0918 75.6817 48.0025
66.2155 75.6711 48.2777
66.8497 75.8076 48.4192
67.5238 76.0926 48.5699
67.6812 76.0737 48.8049
67.9975 76.7556 48.9786
66.6159 75.5358 48.5896
65.9931 74.9022 48.0430
66.0081 75.3218 48.3245
65.5871 75.1825 47.8720
65.9485 75.1483 47.7533
65.6067 74.8048 47.4993
65.6664 74.9385 47.5950
66.5072 75.5655 48.3308
66.7800 75.6217 48.2953
66.9436 75.5191 48.3935
66.6342 75.8897 48.8495
66.5335 75.7484 48.6426
66.2921 75.3874 48.9501
66.4467 75.6562 49.0244
66.8242 75.7051 48.7416
66.7377 75.6071 48.2247
66.9227 76.0777 48.3182
66.2416 75.7075 47.8066
66.5022 75.6197 47.8816
66.4225 75.2168 47.8707
66.2550 75.3916 47.9620
66.4337 75.3890 47.6462
66.6208 75.3814 47.7938
66.7454 75.7761 48.0500
67.1121 76.4742 48.3207
67.3710 76.9377 47.9143
68.0085 77.9717 48.3404
